Data : 3000 by 3000 , Iterations : 3000 , Time : 47.078653 sec
Final data
10000.000000 10000.000000 10000.000000 10000.000000 10000.000000 
10000.000000 10000.000000 10000.000000 10000.000000 10000.000000 
10000.000000 10000.000000 9996.353493 9994.101108 9991.318330 
10000.000000 10000.000000 9994.101108 9990.457464 9985.955812 
10000.000000 10000.000000 9991.318330 9985.955812 9979.330524 
Data : 3000 by 3000 , Iterations : 3000 , Time : 32.252421 sec
Final data
10000.000000 10000.000000 10000.000000 10000.000000 10000.000000 
10000.000000 10000.000000 10000.000000 10000.000000 10000.000000 
10000.000000 10000.000000 9996.353493 9994.101108 9991.318330 
10000.000000 10000.000000 9994.101108 9990.457464 9985.955812 
10000.000000 10000.000000 9991.318330 9985.955812 9979.330524 
Data : 3000 by 3000 , Iterations : 3000 , Time : 31.600126 sec
Final data
10000.000000 10000.000000 10000.000000 10000.000000 10000.000000 
10000.000000 10000.000000 10000.000000 10000.000000 10000.000000 
10000.000000 10000.000000 9996.353493 9994.101108 9991.318330 
10000.000000 10000.000000 9994.101108 9990.457464 9985.955812 
10000.000000 10000.000000 9991.318330 9985.955812 9979.330524 
Data : 3000 by 3000 , Iterations : 3000 , Time : 32.606376 sec
Final data
10000.000000 10000.000000 10000.000000 10000.000000 10000.000000 
10000.000000 10000.000000 10000.000000 10000.000000 10000.000000 
10000.000000 10000.000000 9996.353493 9994.101108 9991.318330 
10000.000000 10000.000000 9994.101108 9990.457464 9985.955812 
10000.000000 10000.000000 9991.318330 9985.955812 9979.330524 
Data : 3000 by 3000 , Iterations : 3000 , Time : 30.589425 sec
Final data
10000.000000 10000.000000 10000.000000 10000.000000 10000.000000 
10000.000000 10000.000000 10000.000000 10000.000000 10000.000000 
10000.000000 10000.000000 9996.353493 9994.101108 9991.318330 
10000.000000 10000.000000 9994.101108 9990.457464 9985.955812 
10000.000000 10000.000000 9991.318330 9985.955812 9979.330524 
Data : 3000 by 3000 , Iterations : 3000 , Time : 30.386794 sec
Final data
10000.000000 10000.000000 10000.000000 10000.000000 10000.000000 
10000.000000 10000.000000 10000.000000 10000.000000 10000.000000 
10000.000000 10000.000000 9996.353493 9994.101108 9991.318330 
10000.000000 10000.000000 9994.101108 9990.457464 9985.955812 
10000.000000 10000.000000 9991.318330 9985.955812 9979.330524 
